835.318
115.522
494.589
706.823
818.127
753.607
238.326
523.239
107.333
247.041
582.857
934.58
75.639
70.201
654.943
366.563
237.987
824.147
745.421
-239.701
305.66
852.567
175.666
135.268
692.976
274.451
972.555
850.047
305.353
826.306
689.85
500.196
577.991
583.187
536.178
160.701
476.687
455.303
974.992
855.115
521.087
399.853
139.725
627.467
636.573
645.004
704.815
441.288
370.943
607.711
65.568
767.109
654.988
663.772
259.232
158.496
212.725
308.669
271.357
606.404
984.163
708.171
919.254
466.498
265.473
745.46
740.6
411.262
994.309
73.273
407.506
43.346
894.173
740.954
605.011
887.86
243.625
263.382
738.634
344.214
750.93
214.319
501.265
184.018
231.746
951.235
759.225
399.819
610.372
344.866
317.2
539.472
711.697
956.8
661.893
400.632
9.446
234.275
803.533
760.849
280.671
112.023
763.274
588.64
898.105
682.63
388.749
710.925
214.755
426.275
103.776
596.117
746.438
970.257
722.98
749.642
197.305
391.649
933.893
125.472
222.149
758.237
83.519
348.778
841.58
747.855
442.721
972.177
909.655
723.837
261.487
791.143
896.617
546.364
583.734
45.926
486.148
963.299
273.498
244.363
115.658
65.816
630.268
757.669
709.871
837.375
225.124
315.787
914.506
269.817
982.857
86.771
974.081
740.294
212.148
64.21
829.305
829.807
595.208
475.795
154.343
683.631
816.422
965.951
201.786
165.876
278.989
358.4
193.666
577.811
80.349
862.682
745.535
81.593
469.12
27.734
858.134
698.903
749.139
696.28
794.597
865.032
50.049
468.024
269.443
374.139
66.402
537.826
684.429
953.26
187.31
736.123
963.909
987.981
991.756
880.931
942.54
357.038
940.785
136.37
996.601
972.812
60.767
973.512
648.817
345.834
146.303
703.654
152.968
356.158
77.268
221.739
785.621
818.186
991.69
770.552
823.815
537.397
369.947
4.504
343.868
688.722
14.113
332.529
210.404
857.996
868.646
270.601
347.881
963.765
974.251
489.859
120.652
967.615
96.259
226.85
618.039
819.691
87.579
611.242
393.853
974.463
394.794
81.001
809.128
449.623
633.294
817.447
453.725
15.012
211.968
829.99
509.213
382.842
947.63
667.987
981.406
172.303
214.916
261.111
790.164
788.024
930.413
327.104
899.764
17.982
3.774
100.061
530.773
769.103
928.018
247.47
39.469
543.062
681.533
50.401
529.371
595.784
873.693
318.088
44.645
753.111
700.78
372.448
468.513
741.835
715.184
112.603
344.006
981.883
624.31
615.575
933.676
453.176
730.735
99.555
549.118
569.116
604.842
147.178
602.308
866.504
69.784
836.136
919.379
621.511
989.269
588.647
782.086
39.222
170.331
103.16
483.221
522.976
649.599
493.86
350.447
680.271
830.702
647.428
180.101
928.46
551.477
868.042
650.709
534.121
626.431
777.851
229.367
399.286
67.896
458.647
224.656
370.187
726.635
325.314
731.63
139.816
710.619
302.223
100.786
48.473
280.437
752.092
29.22
444.889
177.07
63.882
304.119
516.56
128.959
652.899
433.439
414.106
565.589
827.459
743.466
396.002
548.976
90.803
529.697
5.125
93.54
347.081
867.128
121.051
781.522
799.273
374.259
485.243
325.09
774.458
291.682
891.857
934.145
297.322
346.835
647.556
182.635
630.072
107.163
990.647
79.768
992.095
994.845
730.987
757.517
756.052
471.105
83.605
109.232
57.278
723.041
111.974
576.89
831.43
235.078
608.216
384.21
870.617
373.927
198.346
559.494
308.503
673.528
878.513
535.062
890.668
643.706
526.422
765.708
118.428
204.772
186.412
828.493
17.168
95.552
716.275
703.684
778.943
888.772
390.395
700.907
545.804
485.47
116.43
80.906
254.165
432.18
899.724
278.762
726.704
604.945
792.472
202.048
728.297
772.006
153.718
798.415
779.787
382.168
150.779
861.502
179.743
669.047
886.474
599.923
258.042
319.502
918.264
538.273
853.04
905.225
548.039
920.235
744.645
33.915
201.131
21.034
303.098
292.397
985.527
958.868
743.992
524.728
279.551
932.631
345.195
397.462
862.276
104.445
997.197
720.084
852.228
280.494
451.194
106.781
731.88
156.526
440.949
873.078
736.547
946.978
108.44
446.561
802.584
378.095
329.178
728.256
623.169
662.017
420.04
88.12
26.456
870.497
995.228
34.75
117.023
925.737
652.377