835.318
115.522
494.589
706.823
818.127
753.607
238.326
523.239
523.239
107.333
107.333
247.041
247.041
582.857
934.58
75.639
70.201
654.943
366.563
237.987
824.147
745.421
239.701
305.66
852.567
175.666
135.268
692.976
274.451
972.555
850.047
305.353
826.306
689.85
500.196
577.991
583.187
536.178
160.701
476.687
455.303
974.992
855.115
521.087
399.853
139.725
627.467
636.573
645.004
704.815
441.288
370.943
607.711
65.568
767.109
654.988
663.772
259.232
158.496
212.725
308.669
271.357
606.404
984.163
708.171
919.254
466.498
265.473
745.46
740.6
411.262
994.309
73.273
407.506
43.346
894.173
740.954
605.011
887.86
243.625
263.382
738.634
344.214
750.93
214.319
501.265
184.018
231.746
951.235
759.225
399.819
610.372
344.866
317.2
539.472
711.697
956.8
661.893
400.632
9.446
234.275
803.533
760.849
280.671
112.023
763.274
588.64
898.105
682.63
388.749
710.925
214.755
426.275
103.776
596.117
746.438
970.257
722.98
749.642
197.305
391.649
933.893
125.472
222.149
758.237
83.519
348.778
841.58
747.855
442.721
972.177
909.655
723.837
261.487
791.143
896.617
546.364
583.734
45.926
486.148
963.299
273.498
244.363
115.658
65.816
630.268
757.669
709.871
837.375
225.124
315.787
914.506
269.817
982.857
86.771
974.081
740.294
212.148
64.21
829.305
829.807
595.208
475.795
154.343
683.631
816.422
965.951
201.786
165.876
278.989
358.4
193.666
577.811
80.349
862.682
745.535
81.593
469.12
27.734
858.134
698.903
749.139
696.28
794.597
865.032
50.049
468.024
269.443
374.139
66.402
537.826
684.429
953.26
187.31
736.123
963.909
987.981
991.756
880.931
942.54
357.038
940.785
136.37
996.601
972.812
60.767
973.512
648.817
345.834
146.303
703.654
152.968
356.158
77.268
221.739
785.621
818.186
991.69
770.552
823.815
537.397
369.947
4.504
343.868
688.722
14.113
332.529
210.404
857.996
868.646
270.601
347.881
963.765
974.251
489.859
120.652
967.615
96.259
226.85
618.039
819.691
87.579
611.242
393.853
974.463
394.794
81.001
809.128
449.623
633.294
817.447
453.725
15.012
211.968
829.99
509.213
382.842
947.63
667.987
981.406
172.303
214.916
261.111
790.164
788.024
930.413
327.104
899.764
17.982
3.774
100.061
530.773
769.103
928.018
247.47
39.469
543.062
681.533
50.401
529.371
595.784
873.693
318.088
44.645
753.111
700.78
372.448
468.513
741.835
715.184
112.603
344.006
981.883
624.31
615.575
933.676
453.176
730.735
99.555
549.118
569.116
604.842
147.178
602.308
866.504
69.784
836.136
919.379
621.511
989.269
588.647
782.086
39.222
170.331
103.16
483.221
522.976
649.599
493.86
350.447
680.271
830.702
647.428
180.101
928.46
551.477
868.042
650.709
534.121
626.431
777.851
229.367
399.286
67.896
458.647
224.656
370.187
726.635
325.314
731.63
139.816
710.619
302.223
100.786
48.473
280.437
752.092
29.22
444.889
177.07
63.882
304.119
516.56
128.959
652.899
433.439
414.106
565.589
827.459
743.466
396.002
548.976
90.803
529.697
5.125
93.54
347.081
867.128
121.051
781.522
799.273
374.259
485.243
325.09
774.458
291.682
891.857
934.145
297.322
346.835
647.556
182.635
630.072
107.163
990.647
79.768
992.095
994.845
730.987
757.517
756.052
471.105
83.605
109.232
57.278
723.041
111.974
576.89
831.43
235.078
608.216
384.21
870.617
373.927
198.346
559.494
308.503
673.528
878.513
535.062
890.668
643.706
526.422
765.708
118.428
204.772
186.412
828.493
17.168
95.552
716.275
703.684
778.943
888.772
390.395
700.907
545.804
485.47
116.43
80.906
254.165
432.18
899.724
278.762
726.704
604.945
792.472
202.048
728.297
772.006
153.718
798.415
779.787
382.168
150.779
861.502
179.743
669.047
886.474
599.923
258.042
319.502
918.264
538.273
853.04
905.225
548.039
920.235
744.645
33.915
201.131
21.034
303.098
292.397
985.527
958.868
743.992
524.728
279.551
932.631
345.195
397.462
862.276
104.445
997.197
720.084
852.228
280.494
451.194
106.781
731.88
156.526
440.949
873.078
736.547
946.978
108.44
446.561
802.584
378.095
329.178
728.256
623.169
662.017
420.04
88.12
26.456
870.497
995.228
34.75
117.023
925.737
652.377
697.883
345.066
962.958
153.322
385.405
358.827
242.816
528.217
685.676
899.142
732.985
965.187
295.414
148.808
755.94
819.803
918.89
47.515
246.526
948.457
828.513
428.921
344.461
889.919
473.807
679.545
340.117
732.882
876.438
298.408
546.708
858.24
699.645
365.005
104.525
332.662
134.625
297.341
802.643
1002.189
781.554
689.28
583.2
127.633
786.306
899.244
292.226
903.739
515.992
409.588
746.525
383.127
955.406
625.296
162.246
989.729
92.074
900.288
771.228
590.116
883.193
269.438
244.368
883.333
68.757
64.097
550.99
588.861
274.52
566.387
82.532
761.144
473.626
868.564
769.516
443.515
587.844
999.694
336.434
729.946
714.022
749.187
730.514
686.806
76.645
75.855
194.13
169.772
302.955
150.257
540.162
3.134
233.912
835.406
791.331
275.127
991.708
630.761
858.985
189.346
359.392
416.624
145.949
181.456
643.313
246.64
912.706
835.415
146.501
141.483
988.357
829.372
874.105
84.115
545.107
504.606
580.706
821.746
153.926
201.198
761.832
246.776
13.115
74.79
657.991
102.429
451.13
129.964
150.341
379.552
74.126
46.277
363.37
97.194
547.591
817.486
975.821
749.052
70.345
666.109
618.688
184.642
845.391
823.738
699.566
425.787
215.158
17.688
802.983
825.915
498.508
235.076
476.516
182.579
590.489
767.973
790.665
629.095
775.16
587.647
690.839
545.888
106.539
44.233
914.604
776.83
331.249
645.346
303.011
478.051
487.124
740.348
224.226
449.979
581.754
396.04
81.611
478.598
139.623
386.326
70.25
446.76
776.591
225.416
847.052
822.599
349.34
497.068
414.895
42.064
707.359
344.934
888.239
703.205
111.58
218.481
85.729
136.346
957.177
953.202
194.774
17.545
381.703
575.504
363.737
29.94
864.108
686.718
223.895
316.201
729.205
757.326
788.948
277.716
237.367
317.634
480.165
884.842
164.82
316.591
130.989
893.331
528.235
857.681
136.454
756.815
282.479
182.683
800.598
591.301
867.719
815.187
310.186
878.579
190.329
691.897
158.935
281.419
547.26
11.219
537.813
781.751
17.124
1.243
407.015
482.417
417.861
394.562
927.299
589.891
715.339
907.836
847.472
74.952
379.79
950.267
823.612
1000.206
747.263
433.898
170.451
482.372
33.06
513.455
648.014
869.919
840.532
428.353
218.295
245.608
221.72
335.239
301.984
859.478
595.521
959.96
120.749
574.219
316.286
718.712
872.441
988.673
354.954
298.136
743.892
1000.55
523.924
287.311
99.786
608.854
469.345
185.51
861.69
847.979
981.048
277.851
838.487
407.59
432.607
24.79
497.434
972.088
278.779
425.145
408.673
820.767
504.225
195.768
982.621
329.207
644.548
228.415
403.179
775.499
259.743
130.335
195.637
457.168
667.467
723.595
962.397
889.216
449.924
473.353
248.311
780.43
417.784
901.133
965.166
811.894
557.349
137.518
778.822
626.281
696.492
687.721
234.323
288.575
168.747
790.078
888.435
856.283
605.072
1002.106
431.475
636.974
637.136
148.067
757.337
376.317
110.17
238.532
184.446
13.188
499.332
827.064
690.572
71.618
238.431
335.169
94.543
53.537
512.117
831.346
617.671
884.175
101.992
229.323
429.456
862.958
468.595
690.925
715.308
242.946
768.284
922.494
847.538
351.876
236.304
387.27
722.592
443.876
930.677
105.828
392.706
216.203
749.39
933.489
527.608
968.274
84.632
109.809
295.706
708.868
386.603
751.035
711.245
688.108
484.017
624.965
468.11
745.076
828.531
862.309
967.635
439.631
58.277
42.906
67.793
524.968
100.795
703.432
798.512
683.471
178.034
639.756
470.863
645.388
548.12
174.05
244.553
146.154
224.511
580.979
987.079
280.399
945.898
771.915
563.706
536.779
816.23
816.56
463.433
243.477
893.521
493.908
929.467
61.615
760.454
537.399
927.122
819.501
916.033
210.039
664.517
981.409
600.256
608.433
631.553
836.066
162.93
522.738
104.611
351.754
307.725
1002.42
231.528
787.538
968.28
407.526
806.219
440.547
541.505
825.415
503.624
583.243
492.099
711.244
319.081
426.054
692.948
12.691
500.496
667.298
146.579
129.267
320.713
247.873
593.139
988.681
126.645
984.663
329.032
238.684
310.41
297.072
979.412
143.642
914.757
4.574
748.077
905.85
961.342
674.275
499.188
879.338
458.426
415.779
296.818
503.369